0
-1.9 0.77 -3.6 -1.11 2.55 0.04
1
-1.11 0.77 -3.68 6.12 2.55 -2.31
10
-2.59 0.77 -0.98 -1.26 2.53 1.24
11
-4.05 0.77 0.51 -3.11 1.36 2.42
12
-3.15 0.77 0.87 -2.72 1.36 1.46
13
-7.33 0.77 9.42 -3.59 1.55 10.59
14
-4.64 0.77 6.18 -1.43 1.55 7.65
15
-0.23 0.77 6.12 1.16 1.55 7.72
16
2.35 0.77 6.12 3.77 1.55 7.72
17
1.38 0.77 3.46 4.23 0.86 4.65
18
2.51 0.77 1.11 4.45 0.86 2.49
19
-0.23 0.77 1.15 1.62 0.86 2.43
2
5.85 0.77 -3.68 6.18 1.46 4.57
20
2.68 0.77 1.74 3.32 1.37 2.37
21
-1.12 0.77 -2.48 5.86 0.86 -0.06
3
5.85 0.77 6.28 6.13 1.46 10.88
4
-7.34 0.77 10.51 6.3 3.05 14.5
5
-7.34 0.77 6.57 -6.14 3.05 11.85
6
-7.34 0.77 -0.98 -6.14 3.05 4
7
-7.35 0.77 -0.98 -1.1 3.05 0.01
8
-6.13 0.77 -0.98 -3.97 3.05 2.97
9
-4.05 0.77 -0.98 -2.67 1.62 0.73